1.43E-45
A,C,G,T
0.9231,0.0256,0.0256,0.0256
0.0256,0.0256,0.0256,0.9231
0.0256,0.0256,0.9231,0.0256
0.2564,0.0256,0.6923,0.0256
0.1026,0.1026,0.7436,0.0513
0.0513,0.7692,0.0256,0.1538
0.5128,0.2308,0.0256,0.2308
0.0513,0.641,0.0769,0.2308
0.0769,0.7692,0.0513,0.1026
0.5641,0.1026,0.2308,0.1026
0.0769,0.0256,0.8205,0.0769
0.0769,0.0769,0.7692,0.0769
0.0769,0.7949,0.0513,0.0769
0.0256,0.0769,0.0256,0.8718
0.0513,0.7179,0.1282,0.1026
0.0513,0.7436,0.0513,0.1538
0.0256,0.0513,0.0256,0.8974
0.1026,0.6923,0.1538,0.0513
0.0513,0.0513,0.0513,0.8462
0.0513,0.0256,0.7692,0.1538
0.0256,0.8462,0.0256,0.1026
0.0513,0.0513,0.0256,0.8718
0.1538,0.0256,0.7436,0.0769
0.0513,0.0769,0.359,0.5128
0.1282,0.0256,0.8205,0.0256
0.0256,0.2564,0.0769,0.641
0.1282,0.0256,0.8205,0.0256
0.0769,0.1282,0.6923,0.1026
0.0256,0.5128,0.0513,0.4103
0.0256,0.7436,0.1282,0.1026
0.0513,0.5897,0.0256,0.3333
0.0256,0.0256,0.0256,0.9231
0.0256,0.1795,0.1538,0.641
0.0513,0.0256,0.1026,0.8205
0.0769,0.1538,0.7436,0.0256
0.0256,0.1282,0.0256,0.8205
0.0769,0.7436,0.0256,0.1538
0.0256,0.0256,0.0256,0.9231
0.0256,0.7692,0.1026,0.1026
0.0256,0.8974,0.0256,0.0513
0.0256,0.0256,0.0256,0.9231
0.1282,0.0513,0.7692,0.0513
0.0513,0.0513,0.6667,0.2308
0.0769,0.0769,0.7692,0.0769
0.4615,0.0256,0.4359,0.0769
0.1795,0.0256,0.7692,0.0256
0.0513,0.8718,0.0256,0.0513
0.8974,0.0256,0.0513,0.0256
0.1538,0.0256,0.7949,0.0256
0.0256,0.0256,0.9231,0.0256
0.0256,0.0256,0.0256,0.9231
