1.516162E-29
A,C,G,T
0.961,0.013,0.013,0.013
0.026,0.013,0.013,0.9481
0.013,0.013,0.961,0.013
0.1948,0.039,0.7273,0.039
0.9079,0.0132,0.0526,0.0263
0.1948,0.3377,0.4545,0.013
0.0909,0.1818,0.013,0.7143
0.1818,0.0909,0.2727,0.4545
0.1299,0.2078,0.3247,0.3377
0.2857,0.2597,0.4026,0.0519
0.026,0.2468,0.4156,0.3117
0.0519,0.2857,0.5584,0.1039
0.026,0.4286,0.039,0.5065
0.026,0.026,0.4805,0.4675
0.013,0.0909,0.8312,0.0649
0.6623,0.039,0.026,0.2727
0.039,0.0649,0.6883,0.2078
0.026,0.7403,0.2208,0.013
0.2857,0.039,0.039,0.6364
0.013,0.0779,0.4545,0.4545
0.026,0.4416,0.4935,0.039
0.039,0.5325,0.3896,0.039
0.013,0.0519,0.026,0.9091
0.013,0.4675,0.026,0.4935
0.013,0.3117,0.013,0.6623
0.013,0.026,0.026,0.9351
0.013,0.6883,0.1688,0.1299
0.026,0.6753,0.0519,0.2468
0.026,0.013,0.013,0.9481
0.0519,0.0779,0.4545,0.4156
0.026,0.1169,0.8182,0.039
0.026,0.039,0.013,0.9221
0.039,0.013,0.5584,0.3896
0.0909,0.013,0.8831,0.013
0.013,0.8701,0.0649,0.0519
0.3896,0.0519,0.0519,0.5065
0.4156,0.0649,0.5065,0.013
0.026,0.4286,0.013,0.5325
0.2857,0.0909,0.013,0.6104
0.039,0.2857,0.2597,0.4156
0.013,0.5065,0.013,0.4675
0.4805,0.2857,0.0909,0.1429
0.7662,0.0649,0.0909,0.0779
0.4156,0.3247,0.2338,0.026
0.8961,0.0649,0.013,0.026
0.039,0.026,0.7013,0.2338
