9.625312E-35
A,C,G,T
0.9286,0.0238,0.0238,0.0238
0.0238,0.0238,0.0238,0.9286
0.0238,0.0238,0.9286,0.0238
0.5238,0.0238,0.381,0.0714
0.2619,0.0476,0.5714,0.119
0.2619,0.0238,0.6905,0.0238
0.0714,0.1905,0.5714,0.1667
0.0238,0.3095,0.0952,0.5714
0.0714,0.7381,0.119,0.0714
0.0238,0.7857,0.119,0.0714
0.1667,0.7381,0.0238,0.0714
0.2619,0.3571,0.1905,0.1905
0.0476,0.0714,0.8333,0.0476
0.0714,0.7381,0.119,0.0714
0.0952,0.0476,0.1667,0.6905
0.0238,0.8333,0.119,0.0238
0.881,0.0238,0.0238,0.0714
0.0714,0.0952,0.8095,0.0238
0.0714,0.8333,0.0476,0.0476
0.0238,0.0238,0.0476,0.9048
0.0238,0.6905,0.0238,0.2619
0.0238,0.7381,0.0714,0.1667
0.0238,0.0238,0.1667,0.7857
0.0238,0.2381,0.6667,0.0714
0.0714,0.0714,0.619,0.2381
0.0238,0.0238,0.6667,0.2857
0.0714,0.2143,0.5952,0.119
0.0476,0.8333,0.0238,0.0952
0.0238,0.1429,0.0238,0.8095
0.0238,0.6905,0.1667,0.119
0.0238,0.9048,0.0238,0.0476
0.0952,0.0476,0.0476,0.8095
0.119,0.119,0.6905,0.0714
0.1429,0.6905,0.0476,0.119
0.0238,0.0476,0.119,0.8095
0.2143,0.2143,0.5238,0.0476
0.0476,0.8571,0.0238,0.0714
0.0238,0.0476,0.0714,0.8571
0.0238,0.7857,0.119,0.0714
0.0238,0.0952,0.0714,0.8095
0.0238,0.119,0.7619,0.0952
0.0714,0.0714,0.7381,0.119
0.1429,0.4762,0.1429,0.2381
0.0238,0.1429,0.0476,0.7857
0.1429,0.7143,0.0238,0.119
0.0238,0.6905,0.119,0.1667
0.0238,0.7619,0.1429,0.0714
0.619,0.0952,0.0476,0.2381
0.0952,0.0238,0.8333,0.0476
0.0714,0.0714,0.7857,0.0714
0.0714,0.0476,0.0952,0.7857
