7.924142E-41
A,C,G,T
0.9375,0.0208,0.0208,0.0208
0.0208,0.0208,0.0208,0.9375
0.0208,0.0208,0.9375,0.0208
0.125,0.0417,0.8125,0.0208
0.0208,0.8958,0.0208,0.0625
0.0417,0.875,0.0208,0.0625
0.0208,0.0417,0.0625,0.875
0.0208,0.0417,0.8958,0.0417
0.0208,0.0208,0.9375,0.0208
0.5,0.0208,0.2917,0.1875
0.0208,0.8125,0.0208,0.1458
0.0208,0.375,0.0625,0.5417
0.0833,0.8125,0.0417,0.0625
0.0208,0.6042,0.0208,0.3542
0.1042,0.0417,0.2292,0.625
0.0208,0.8542,0.0833,0.0417
0.0208,0.0833,0.0208,0.875
0.0208,0.875,0.0417,0.0625
0.0208,0.8125,0.0833,0.0833
0.0417,0.0208,0.0417,0.8958
0.0208,0.7708,0.1667,0.0417
0.0208,0.8958,0.0417,0.0417
0.0208,0.0208,0.0208,0.9375
0.0208,0.9167,0.0417,0.0208
0.6042,0.2292,0.1458,0.0208
0.0208,0.5417,0.1875,0.25
0.0417,0.7083,0.2083,0.0417
0.0208,0.9167,0.0208,0.0417
0.0208,0.0417,0.0208,0.9167
0.0208,0.8333,0.0208,0.125
0.0208,0.875,0.0208,0.0833
0.0208,0.0208,0.0208,0.9375
0.0208,0.875,0.0208,0.0833
0.5208,0.0208,0.2917,0.1667
0.0208,0.7917,0.0625,0.125
0.0208,0.0625,0.0208,0.8958
0.0208,0.8542,0.0208,0.1042
0.75,0.0208,0.0208,0.2083
0.0625,0.7292,0.1458,0.0625
0.0208,0.0417,0.2083,0.7292
0.0417,0.0625,0.8125,0.0833
0.0208,0.8125,0.0208,0.1458
0.8333,0.0208,0.1042,0.0417
0.0208,0.9375,0.0208,0.0208
0.9375,0.0208,0.0208,0.0208
0.0208,0.0208,0.9375,0.0208
0.0208,0.0208,0.9375,0.0208
0.0208,0.0417,0.0208,0.9167
