4.917633E-30
A,C,G,T
0.9362,0.0213,0.0213,0.0213
0.0213,0.0213,0.0213,0.9362
0.0213,0.0213,0.9362,0.0213
0.1702,0.0213,0.7872,0.0213
0.8936,0.0213,0.0638,0.0213
0.1915,0.3404,0.4468,0.0213
0.1064,0.1915,0.0213,0.6809
0.1702,0.1064,0.2553,0.4681
0.1489,0.2128,0.2979,0.3404
0.2979,0.2553,0.383,0.0638
0.0213,0.2766,0.4255,0.2766
0.0426,0.2766,0.5532,0.1277
0.0213,0.4255,0.0638,0.4894
0.0213,0.0638,0.4894,0.4255
0.0213,0.1277,0.766,0.0851
0.6596,0.0426,0.0213,0.2766
0.0426,0.0851,0.6596,0.2128
0.0426,0.7234,0.2128,0.0213
0.2766,0.0638,0.0426,0.617
0.0213,0.1064,0.4255,0.4468
0.0426,0.4468,0.4894,0.0213
0.0426,0.4894,0.4255,0.0426
0.0213,0.0638,0.0213,0.8936
0.0213,0.4894,0.0213,0.4681
0.0213,0.3404,0.0213,0.617
0.0213,0.0213,0.0426,0.9149
0.0213,0.6809,0.1702,0.1277
0.0213,0.7021,0.0638,0.2128
0.0213,0.0213,0.0213,0.9362
0.0638,0.1064,0.4468,0.383
0.0213,0.1702,0.7872,0.0213
0.0213,0.0638,0.0213,0.8936
0.0213,0.0213,0.5532,0.4043
0.1064,0.0213,0.8511,0.0213
0.0213,0.8936,0.0426,0.0426
0.3617,0.0851,0.0426,0.5106
0.4255,0.0638,0.4894,0.0213
0.0213,0.4043,0.0213,0.5532
0.2766,0.1064,0.0213,0.5957
0.0426,0.2979,0.2553,0.4043
0.0213,0.4894,0.0213,0.4681
0.4468,0.2766,0.0851,0.1915
0.6809,0.1064,0.1064,0.1064
0.4255,0.3404,0.2128,0.0213
0.8723,0.0851,0.0213,0.0213
0.0213,0.0213,0.7021,0.2553
0.0213,0.0213,0.9362,0.0213
0.0213,0.0638,0.0213,0.8936
